,Subject,Anat Files,Func Files,MID Files,REST Files,Total
43,sub-t1001,37,78,26,52,115
62,sub-t1003,37,78,26,52,115
127,sub-t1005,37,78,26,52,115
25,sub-t1006,37,78,26,52,115
3,sub-t1007,37,78,26,52,115
50,sub-t1008,37,78,26,52,115
128,sub-t1009,37,78,26,52,115
98,sub-t1011,37,78,26,52,115
20,sub-t1012,37,78,26,52,115
157,sub-t1013,37,65,26,39,102
115,sub-t1014,37,78,26,52,115
162,sub-t1015,37,78,26,52,115
68,sub-t1016,37,39,13,26,76
168,sub-t1017,37,78,26,52,115
129,sub-t1018,37,78,26,52,115
156,sub-t1021,37,78,26,52,115
114,sub-t1022,37,78,26,52,115
66,sub-t1023,37,78,26,52,115
147,sub-t1024,37,78,26,52,115
149,sub-t1025,37,78,26,52,115
210,sub-t1026,37,78,26,52,115
146,sub-t1027,37,78,26,52,115
100,sub-t1028,37,78,26,52,115
6,sub-t1029,37,78,26,52,115
38,sub-t1030,37,78,26,52,115
80,sub-t1031,37,78,26,52,115
188,sub-t1032,37,78,26,52,115
29,sub-t1033,37,78,26,52,115
183,sub-t1034,37,78,26,52,115
203,sub-t1036,37,78,26,52,115
42,sub-t1037,37,78,26,52,115
142,sub-t1038,37,78,26,52,115
10,sub-t1040,37,78,26,52,115
155,sub-t1042,37,78,26,52,115
58,sub-t1044,37,78,26,52,115
177,sub-t1045,37,78,26,52,115
189,sub-t1046,37,78,26,52,115
205,sub-t1047,37,78,26,52,115
54,sub-t1049,37,78,26,52,115
163,sub-t1050,37,78,26,52,115
134,sub-t1052,37,78,26,52,115
117,sub-t1053,37,78,26,52,115
17,sub-t1055,37,78,26,52,115
173,sub-t1056,37,78,26,52,115
211,sub-t1057,37,78,26,52,115
143,sub-t1058,37,78,26,52,115
151,sub-t1061,37,78,26,52,115
16,sub-t1062,37,52,0,52,89
93,sub-t1063,37,78,26,52,115
18,sub-t1064,37,78,26,52,115
204,sub-t1065,37,78,26,52,115
182,sub-t1067,37,78,26,52,115
110,sub-t1068,37,78,26,52,115
192,sub-t1069,37,78,26,52,115
52,sub-t1070,37,78,26,52,115
46,sub-t1071,37,78,26,52,115
57,sub-t1072,37,78,26,52,115
138,sub-t1073,37,78,26,52,115
83,sub-t1075,37,78,26,52,115
199,sub-t1076,37,78,26,52,115
121,sub-t1077,37,78,26,52,115
97,sub-t1078,37,78,26,52,115
99,sub-t1080,37,78,26,52,115
15,sub-t1081,37,78,26,52,115
70,sub-t1082,37,78,26,52,115
200,sub-t1083,37,78,26,52,115
201,sub-t1085,37,78,26,52,115
179,sub-t1086,37,78,26,52,115
82,sub-t1087,37,78,26,52,115
55,sub-t1089,37,78,26,52,115
158,sub-t1090,37,78,26,52,115
24,sub-t1091,37,78,26,52,115
8,sub-t1093,37,78,26,52,115
5,sub-t1094,37,78,26,52,115
160,sub-t1095,37,78,26,52,115
111,sub-t1096,37,78,26,52,115
4,sub-t1097,37,78,26,52,115
22,sub-t1098,37,78,26,52,115
84,sub-t1099,37,78,26,52,115
26,sub-t1100,37,78,26,52,115
181,sub-t1101,37,78,26,52,115
67,sub-t1103,37,78,26,52,115
27,sub-t1104,37,78,26,52,115
124,sub-t1105,4,12,4,8,16
209,sub-t1107,37,78,26,52,115
174,sub-t1108,37,78,26,52,115
154,sub-t1109,37,78,26,52,115
176,sub-t1110,37,78,26,52,115
12,sub-t1111,37,78,26,52,115
94,sub-t1112,37,78,26,52,115
49,sub-t1114,37,78,26,52,115
40,sub-t1115,37,78,26,52,115
11,sub-t1117,37,78,26,52,115
172,sub-t1119,37,78,26,52,115
113,sub-t1120,37,78,26,52,115
109,sub-t1122,37,78,26,52,115
186,sub-t1123,37,78,26,52,115
144,sub-t1124,37,78,26,52,115
102,sub-t1125,37,78,26,52,115
206,sub-t1126,37,78,26,52,115
53,sub-t1127,37,52,13,39,89
96,sub-t1128,37,78,26,52,115
150,sub-t1129,37,78,26,52,115
133,sub-t1130,37,78,26,52,115
60,sub-t1131,37,78,26,52,115
108,sub-t1133,37,78,26,52,115
198,sub-t1134,37,78,26,52,115
14,sub-t1135,37,78,26,52,115
30,sub-t1136,37,78,26,52,115
1,sub-t1137,37,78,26,52,115
112,sub-t1138,37,78,26,52,115
145,sub-t1139,37,78,26,52,115
47,sub-t1141,37,78,26,52,115
107,sub-t1142,18,12,4,8,30
19,sub-t1143,37,78,26,52,115
164,sub-t1144,37,78,26,52,115
104,sub-t1146,37,78,26,52,115
28,sub-t1147,37,78,26,52,115
76,sub-t1148,37,78,26,52,115
106,sub-t1149,37,78,26,52,115
7,sub-t1150,37,78,26,52,115
48,sub-t1151,37,78,26,52,115
153,sub-t1152,37,78,26,52,115
95,sub-t1153,37,78,26,52,115
197,sub-t1154,37,78,26,52,115
69,sub-t1155,37,78,26,52,115
161,sub-t1156,37,78,26,52,115
139,sub-t1157,37,78,26,52,115
120,sub-t1158,37,78,26,52,115
21,sub-t1159,37,78,26,52,115
63,sub-t1160,37,78,26,52,115
159,sub-t1162,37,78,26,52,115
194,sub-t1163,37,78,26,52,115
36,sub-t1165,37,78,26,52,115
169,sub-t1166,37,78,26,52,115
39,sub-t1167,37,78,26,52,115
44,sub-t1169,37,78,26,52,115
185,sub-t1170,37,78,26,52,115
191,sub-t1171,37,52,26,26,89
122,sub-t1172,37,78,26,52,115
73,sub-t1173,37,78,26,52,115
89,sub-t1174,37,78,26,52,115
51,sub-t1175,37,78,26,52,115
193,sub-t1176,37,78,26,52,115
32,sub-t1178,37,78,26,52,115
77,sub-t1179,37,78,26,52,115
167,sub-t1180,37,78,26,52,115
101,sub-t1181,37,78,26,52,115
152,sub-t1182,37,78,26,52,115
180,sub-t1183,37,78,26,52,115
0,sub-t1184,37,78,26,52,115
13,sub-t1186,37,78,26,52,115
56,sub-t1188,37,78,26,52,115
9,sub-t1189,37,78,26,52,115
137,sub-t1190,37,78,26,52,115
91,sub-t1191,37,65,26,39,102
212,sub-t1192,37,78,26,52,115
123,sub-t1194,37,78,26,52,115
81,sub-t1195,37,78,26,52,115
116,sub-t1196,37,78,26,52,115
187,sub-t1197,37,78,26,52,115
118,sub-t1198,37,78,26,52,115
78,sub-t1199,37,78,26,52,115
33,sub-t1200,37,78,26,52,115
79,sub-t1201,37,78,26,52,115
35,sub-t1202,37,78,26,52,115
34,sub-t1203,37,78,26,52,115
148,sub-t1205,37,65,26,39,102
74,sub-t1206,37,78,26,52,115
105,sub-t1209,37,78,26,52,115
88,sub-t1211,37,78,26,52,115
196,sub-t1212,37,78,26,52,115
37,sub-t1214,37,78,26,52,115
59,sub-t1215,37,78,26,52,115
125,sub-t1216,37,39,13,26,76
64,sub-t1218,37,78,26,52,115
85,sub-t1219,37,78,26,52,115
190,sub-t1220,37,78,26,52,115
178,sub-t1221,37,78,26,52,115
23,sub-t1222,37,78,26,52,115
87,sub-t1223,37,78,26,52,115
207,sub-t1225,37,78,26,52,115
126,sub-t1227,37,78,26,52,115
170,sub-t1228,37,78,26,52,115
31,sub-t1229,37,78,26,52,115
141,sub-t1230,37,78,26,52,115
184,sub-t1231,37,78,26,52,115
208,sub-t1232,37,78,26,52,115
41,sub-t1233,37,78,26,52,115
45,sub-t1235,37,78,26,52,115
166,sub-t1236,37,78,26,52,115
2,sub-t1237,37,78,26,52,115
65,sub-t1238,37,78,26,52,115
195,sub-t1239,37,78,26,52,115
175,sub-t1240,37,78,26,52,115
92,sub-t1241,37,78,26,52,115
71,sub-t1243,37,78,26,52,115
202,sub-t1244,37,78,26,52,115
103,sub-t1248,37,78,26,52,115
165,sub-t1251,37,78,26,52,115
130,sub-t1252,37,78,26,52,115
140,sub-t1254,37,78,26,52,115
136,sub-t1255,37,78,26,52,115
86,sub-t1256,37,78,26,52,115
135,sub-t1257,37,65,26,39,102
61,sub-t1260,37,78,26,52,115
72,sub-t1261,37,78,26,52,115
75,sub-t1263,37,78,26,52,115
131,sub-t1265,37,78,26,52,115
171,sub-t1267,37,78,26,52,115
132,sub-t1268,37,78,26,52,115
119,sub-t1270,37,78,26,52,115
90,sub-t1271,37,78,26,52,115
